H       0.521133  6.2153269733   0.237161  3.6025288585  0.213503  9.8563296985   0.0282029  1.6957198687
He      0.985632  3.8999626888   0.525023  2.1983044867  0.406171  6.4758332977   0.0831734  1.0471118984
H-      0.792803  11.5669672167  0.673829  5.8625523112  0.381859  23.1837491268  0.151509   2.6953282264
Li+     0.847064  2.9038285685   0.775342  1.7572794554  0.206966  0.8898907318   0.170629   4.5057588972
Be2+    0.920725  2.0366093604   0.756972  1.1977328649  0.187586  3.1780431667   0.134717   0.5540563017
Li      1.05096   15.3061314266  0.942759  1.8142067623  0.813013  3.1672305620   0.193273   0.8501020366
Be      1.41053   8.9857884122   1.36015   1.7942405347  0.736342  13.5584448963  0.492977   0.8328267119
B       2.0126    6.7498544017   1.35611   1.3968891483  1.14856   10.8844822409  0.48273    0.6454681613
C       2.59987   5.3719852346   1.56498   9.0724493916  1.32705   1.1583374458   0.5081     0.5439567828
C_val   2.58018   5.7078157198   1.59762   0.9043323741  1.3918    9.6350789300   0.430388   2.2720871417
N       3.19332   4.4483660236   1.97349   7.6804067332  1.30514   0.9923835967   0.52805    0.4710038156
O       3.81256   3.8073353533   2.3488    6.7081136779  1.28014   0.8767904913   0.558501   0.4181649226
F       4.43069   3.3297506020   2.71811   5.9704097589  1.22485   0.8019705892   0.626351   0.3852450082
O1-     3.45266   5.9470800942   2.82462   3.5117330464  1.78355   0.7239992289   0.939172   11.0061336545
Ne      5.99995   3.2345668700   2.01549   6.0355795251  1.04554   0.8723900506   0.93902    0.4003939603
F1-     3.78268   5.3196399016   3.45565   3.1166857912  1.80034   0.6539269842   0.961336   9.7204585897
Na1+    4.34954   3.3552010539   2.74929   2.1844696037  1.72607   0.5078277187   1.17509    5.1923578277
Mg2+    4.2893    2.9359715996   2.90113   1.9654099689  1.72126   0.4648539806   1.08831    4.3731129205
Al3+    4.09544   1.9370170947   3.47765   2.8406544800  1.82018   0.4707278687   0.606733   4.0045802483
Si4+    5.1178    1.8635969238   2.82133   2.7994223798  1.91832   0.4728963018   0.142537   4.0595628105
Na      4.76724   3.7994984488   3.46994   2.1657394151  1.61341   0.4597478076   1.1494     15.7657570044
Mg      4.66963   3.2358498149   3.50216   1.9303592124  2.22305   12.4504598655  1.60516    0.4185917223
Al      4.60138   1.8621671331   3.5933    3.0684116196  3.17859   11.1668311739  1.62674    0.3892538391
Si      6.36819   1.8435226223   4.07197   9.9558460105  1.88914   3.4662380264   1.6707     0.3672275077
Si_val  6.9794    2.1697235293   2.81219   8.4656818751  2.50129   0.6523208552   1.70713    13.1575107275
P       7.3211    1.7795827939   3.46271   9.8111115752  2.48155   5.9689925471   1.73464    0.3533926972
S       7.32718   1.6253475123   4.16981   6.1166036995  2.77489   9.4847860611   1.72812    0.3308533359
Cl      7.29275   1.4869849217   5.58905   5.8224223265  2.40841   9.0444729314   1.70978    0.3097383055
Ar      7.25213   1.3653272152   6.85388   5.4576606214  2.21099   8.5995358477   1.683      0.2900418865
Cl1-    7.13167   1.5379675129   6.56229   6.2631234872  2.30719   11.0427130828  1.99885    0.4049377465
K1+     7.72723   4.9860015379   7.42954   1.2423497275  1.42724   7.6730032761   1.41599    0.0000335573
Ca2+    8.43539   4.5661150849   7.3853    1.1491117534  1.37652   0.0000335573   0.802781   7.2184834335
Sc3+    8.52023   4.1023123183   7.56824   1.0207530121  0.984282  0.0000328355   0.927247   6.1091659271
Ti4+    8.77737   3.7579114941   7.70697   0.9260722841  0.802087  5.5409054179   0.713569   0.0000328339
V3+     9.96634   3.4638966112   8.77608   0.8411652654  0.814287  5.0540761221   0.443294   0.0000328334
K       8.66997   5.2049345807   7.26611   1.2706703036  1.67943   0.2748309373   1.38449    17.9091300270
Ti3+    9.0464    3.8316409029   7.63061   0.9464949063  1.47392   5.9071250666   0.849068   0.0000748794
Ca      8.70026   4.6081792087   7.17762   1.1703185189  2.49133   15.4211762762  1.63078    0.2557380782
Ti2+    9.52825   3.9445022970   7.03692   0.9971714281  1.89181   6.7551695218   1.54302    0.3675845787
V3+     9.62475   3.6014184361   7.66083   0.8867234289  1.94994   5.6628508674   0.76449    0.0007081579
Sc      9.41925   4.3383292695   7.17329   1.1004629215  2.77707   13.9540673385  1.63039    0.2436310780
V2+     10.2249   3.7279227203   7.3463    0.9432935046  2.17253   6.5155240815   1.2563     0.0001162383
Cr3+    8.18384   0.7702510004   8.13614   3.7112249955  3.16098   2.8633135119   1.51903    5.8255821165
Mn4+    8.7424    3.0405838060   8.17237   0.7330001623  3.41781   4.0645137482   0.667415   5.5006109357
Ti      10.224    4.1047322235   7.16435   1.0400631949  2.97329   12.9156796368  1.63831    0.2337295670
Cr2+    8.22202   0.7746406460   7.03101   3.1495445167  5.53305   4.3699264038   1.21393    7.0771495703
Mn3+    8.77299   3.0552329129   8.19063   0.7361614711  4.30457   4.2823296664   0.731806   6.2735767190
V       11.066    3.8937519825   7.15219   0.9866623667  3.13236   12.0870182765  1.64943    0.2250075318
Mn2+    11.4847   3.3195041136   6.96708   0.8584259372  2.99247   5.8800253279   1.55579    0.2588795577
Fe3+    11.6112   3.0738252337   7.34607   0.7841236925  2.99495   5.0681135566   1.04779    0.0000930720
Cr      12.252    3.7746782312   7.17405   0.9456551924  2.8905    10.5859051543  1.68342    0.2196185394
Fe2+    12.1705   3.1909965634   6.70634   0.6248085464  3.14584   5.7042275497   1.97728    1.1968651046
Co3+    9.93838   2.7677712656   8.12584   0.6715315711  5.08245   3.9906906597   0.853331   5.9459385816
Mn      12.7897   3.5266653279   7.12355   0.8972509756  3.40404   10.7816828823  1.68272    0.2111606569
Co2+    12.0905   3.1975709858   7.851     0.6461422109  2.85388   5.6990817307   2.20465    1.9907419935
Ni3+    10.3226   2.6320923465   8.08898   0.6428235495  5.59687   3.8128318144   0.991562   5.7146947172
Fe      13.655    3.3661364022   7.10933   0.8597348863  3.53153   10.2415699287  1.70413    0.2056569251
Ni2+    12.9531   3.5104637991   7.47933   1.5313850514  4.58252   0.0000330097   0.98509    7.2232088950
Co      14.5154   3.2188022220   7.09387   0.8268122284  3.65762   9.7517441546   1.73311    0.2015396325
Cu2+    11.3684   2.5500512010   8.0994    0.6211311232  6.29287   3.9002530966   1.23934    6.2484433263
Ni      15.3724   3.0840825520   7.07942   0.7976895630  3.77956   9.3122141647   1.76862    0.1984558772
Cu1+    13.1581   3.4834682504   8.20621   1.6009493148  4.843     0.0000176303   1.79264    7.2434408675
Zn2+    13.0353   3.3789030898   8.95689   1.6360974343  5.01769   0.0000175613   0.990119   6.8599169679
Ga3+    12.2302   2.3252969952   8.02679   0.5740207489  6.64579   3.4875214999   1.09718    5.3228650455
Ge4+    12.4846   2.2132185953   7.96287   0.5502462670  6.63836   3.2502615838   0.914127   4.7985423570
Cu      16.3783   2.9781602836   7.06942   0.7731053689  3.73718   8.0105661422   1.81513    0.1966149929
Zn      17.0563   2.8458066142   7.03561   0.7519932383  4.02364   8.5373989359   1.88441    0.1974845931
Ga      17.5661   2.7131096277   6.9877    0.7329743167  4.47851   9.0335154369   1.96766    0.1993485360
Ge      17.8076   2.5608700709   6.89743   0.7066253504  5.29227   8.8341137942   2.00269    0.1971395557
As      17.9179   2.4062678076   6.79113   0.6752341493  6.29961   8.3503819257   1.99135    0.1913086424
Se      17.9809   2.2644104134   7.36207   7.8408792305  6.69314   0.6441910799   1.96387    0.1843453815
Br      18.0207   2.1348146156   8.45678   7.3611155374  6.60695   0.6132423263   1.91552    0.1757535193
Kr      18.0464   2.0170207402   9.56828   6.9266009920  6.54078   0.5827846955   1.84454    0.1653296614
Br1-    15.1338   1.5477217563   8.37478   3.2116971812  7.72022   8.7292065738   4.7712     0.0003726664
Rb1+    17.7617   1.5456648733   7.79356   6.6874537178  5.49945   3.4571584565   4.94529    0.0000793811
Sr2+    18.6782   1.5289526442   6.8864    6.1758723478  5.39497   3.8492245510   5.04043    0.0003605708
Y3+     17.6512   1.6605594772   9.31586   4.7764542162  7.48918   0.4074014090   1.5438     6.8504496041
Zr4+    17.7153   1.5798644006   10.1236   4.5378799020  7.29706   0.3821339694   0.864023   6.6862019158
Nb5+    17.7967   1.5031981513   10.6771   4.2946415159  7.06696   0.3537817033   0.459328   6.6667861953
Mo6+    17.9006   1.4308243653   11.0282   4.0597590224  6.80439   0.3221759456   0.266807   6.6483727663
Rb      18.28     1.7799713967   9.98435   5.6912950133  7.05946   0.3904260569   1.67614    17.2282986175
Mo5+    17.9709   1.4330400574   11.3053   4.1748177920  6.82079   0.3236713961   0.902936   6.5292711527
Sr      18.108    1.6877223945   10.1353   5.1635466397  6.9704    0.3761500962   2.78635    15.9040816912
Nb3+    17.9157   1.5110237531   10.994    4.5102733903  7.13495   0.3596549337   1.95538    7.5144369980
Y       18.1537   1.6167144318   10.5558   4.9477477789  6.92107   0.3646058223   3.36942    14.2453690356
Mo3+    18.0661   1.4403645263   11.7092   4.3674574428  6.89552   0.3305814812   2.32913    7.2784618081
Zr      18.2201   1.5510298086   11.1669   4.8006444316  6.87513   0.3534113961   3.73784    13.1386079544
Ru4+    18.4688   1.3008122415   13.0608   4.0213886218  6.16664   0.2399170019   2.3037     6.3757677097
Nb      18.3486   1.4936143860   12.1965   4.7894538679  6.84953   0.3445112339   3.60541    11.7652241890
Ru3+    18.4875   1.3053250808   13.2986   4.0972668808  6.23132   0.2481185758   2.98255    6.7756427740
Rh4+    18.7737   1.2360407064   13.8838   3.8989201220  5.71596   0.1672752361   2.62654    6.1636075482
Mo      18.3648   1.4321829251   13.0668   4.6492367233  6.78713   0.3330331735   3.78123    11.1156342004
Rh3+    18.7804   1.2404692710   14.1493   3.9677274239  5.78841   0.1804258770   3.28194    6.5345401485
Pd4+    19.0783   1.1763413302   14.7727   3.7869677492  5.27139   0.0001474128   2.87761    5.9802757369
Tc      18.333    1.3764062706   13.7334   4.4513226493  6.72922   0.3237972677   4.20441    11.2771437777
Ru      18.3858   1.3264597967   15.0365   4.4126505213  6.68607   0.3147824218   3.89165    10.2534709828
Pd2+    19.0383   1.1873590072   15.3745   3.9123503188  5.47888   0.1154372689   4.1083     6.7975762893
Rh      18.3768   1.2785302414   16.0897   4.2982052794  6.6464    0.3064521349   3.88704    9.9239394995
Ag2+    19.1784   1.1372926991   16.3357   3.8017782754  5.2212    0.0000525098   4.2647     6.5851446777
Pd      18.2886   1.2286163351   16.55     4.1310672133  6.57246   0.2974226918   4.58892    8.1591133273
Ag1+    19.0891   1.1474807747   16.8354   3.8746036883  5.43376   0.1135780344   4.64175    7.2359919004
Cd2+    19.1604   1.0949065888   17.3207   3.6984361274  5.13353   0.0001034958   4.38538    6.3941066184
In3+    19.0989   1.0512950812   18.0141   3.5534160875  5.01125   0.0000952363   3.87573    5.8513703636
Sn4+    19.373    3.4578547448   19.1269   1.0048658685  4.80093   0.0000914365   2.69918    5.4969854045
Sb5+    19.6236   3.2924292959   19.0098   0.9688887288  4.71969   0.0000914363   2.64685    5.1856532779
Ag      18.3235   1.1903059940   18.2597   4.0719336636  6.58107   0.2907526755   3.83572    9.3822583809
Cd      18.9864   3.9154673669   18.2522   1.1506366097  6.56207   0.2839295850   4.19937    9.7824666345
Sn2+    19.4977   3.4662703019   19.1475   1.0115818404  4.8798    0.0001561542   4.47503    7.4822288218
Sb3+    19.3252   3.2709751421   18.9971   0.9737536736  4.89016   6.6447267264   4.78753    0.0001485555
In      19.6566   3.7691128783   18.1768   1.1147729754  6.57074   0.2784100893   4.5958     10.3281940911
Sn      19.9644   3.5918850904   18.0548   1.0765000243  6.53166   0.2711684196   5.44908    10.1212211976
Sb      20.1146   3.4149475277   17.8997   1.0400578018  6.50269   0.2647182062   6.48302    9.6666569578
Te      20.1961   3.2518111699   17.7476   1.0065947152  7.58251   9.1777830041   6.47377    0.2584745376
I       20.2072   3.0924905115   17.5837   0.9720971751  8.76688   8.6678017257   6.44223    0.2524369094
Xe      20.1963   2.9475900990   17.4282   0.9402781681  9.96889   8.2141364570   6.40657    0.2464021010
I1-     19.5347   0.6617597066   17.5787   3.3419952656  9.00792   9.5853971868   7.8786     1.7893695427
Cs1+    20.2619   2.7375918879   11.9062   0.5047567628  11.1486   0.9674435525   10.6833    7.3032094746
Ba2+    19.7666   2.6223558051   17.1266   0.5793719362  11.0659   6.6676039847   6.04097    1.1418119010
La3+    20.3108   2.4509075831   19.0169   0.7329048707  11.628    6.1243073555   3.04431    0.0071662047
Ce4+    20.3248   2.3289501381   19.3623   0.6837248408  12.0465   5.6976385373   2.26643    0.0020120165
Cs      20.8648   2.9196344781   17.6547   0.9239908875  9.97003   8.2831018316   6.51055    0.2432977568
Ce3+    21.072    0.6183469061   20.741    2.2954484300  9.283     5.2616840842   3.90397    7.0686401178
Pr4+    20.9956   0.6026622168   20.9588   2.2276004923  11.9262   5.2964152217   1.11947    7.5177275884
Ba      21.7491   2.9651999180   18.0215   0.9207809890  9.52811   8.8809505875   6.70133    0.2432192847
Pr3+    21.3478   2.2567263170   21.0789   0.6052061738  10.51     5.2265452403   3.06333    7.1997890041
La      22.0183   2.8967459139   18.043    0.9016307051  10.2044   8.8595730204   6.73429    0.2396624529
Nd3+    21.9356   2.2164087049   21.0693   0.5922113732  10.8192   5.0938315633   3.17594    7.0674673619
Ce      22.7846   2.8400038888   18.0442   0.8815288759  10.4358   8.6075309842   6.73539    0.2352122160
Pm3+    22.5309   2.1763626730   21.0519   0.5795649104  11.134    4.9615464927   3.28311    6.9486270686
Pr      23.9121   2.7797718620   17.973    0.8591339653  10.406    8.1056948794   6.70898    0.2299010669
Sm3+    23.1409   2.1369475268   21.0274   0.5672823536  11.3184   4.8255840157   3.51335    6.7988174557
Nd      24.7165   2.7230819926   17.9652   0.8404424376  10.6164   7.8962460129   6.70192    0.2253782021
Eu3+    23.7471   2.0976900977   20.9957   0.5553030421  11.508    4.6906904106   3.74917    6.6561878592
Pm      25.537    2.6682136973   17.9508   0.8230757650  10.808    7.7041063043   6.70422    0.2209730138
Eu2+    24.0755   2.1179921034   21.0737   0.5574160658  11.7991   4.7716091596   4.05166    7.2463868812
Gd3+    24.3719   2.0597733043   20.9613   0.5437218637  11.8293   4.5763529650   3.83747    6.5659609061
Sm      26.367    2.6154370101   17.9271   0.8071149335  10.9831   7.5267898202   6.72276    0.2171387278
Tb3+    25.0185   2.0225556285   20.9197   0.5324382984  12.4497   4.4908859427   3.61211    6.5821875011
Eu      27.1724   2.5640480962   17.9059   0.7921835825  11.1766   7.3579528353   6.74514    0.2134056951
Dy3+    25.5984   1.9853659093   20.8801   0.5215541301  12.1982   4.3331878385   4.32331    6.3075689499
Gd      27.8335   2.5331130077   17.9763   0.7848794903  11.3316   7.5227784828   6.85864    0.2120033870
Ho3+    26.2015   1.9495383376   20.8386   0.5110499428  12.2144   4.2050248535   4.74545    6.1450823749
Tb      28.8293   2.4615336206   17.8109   0.7624428187  11.5687   7.0358843194   6.79116    0.2060366976
Er3+    26.8271   1.9154722042   20.8017   0.5010647332  12.4579   4.1047739765   4.91328    6.0429512859
Dy      29.6589   2.4143344595   17.7937   0.7488947017  11.7436   6.8917535061   6.80381    0.2022763866
Tm3+    27.4441   1.8821161239   20.7639   0.4914273639  12.6406   4.0019435955   5.15138    5.9342462022
Ho      30.3758   2.4047120977   17.9056   0.7525441386  11.6406   7.1386942296   7.07805    0.2055276410
Yb3+    28.0778   1.8504092052   20.7321   0.4822875119  12.945    3.9170774513   5.2452     5.8527648518
Er      31.2863   2.3300343958   17.7188   0.7288956896  12.0352   6.6368466175   6.95962    0.1989395508
Yb2+    28.4778   1.8681985768   20.8404   0.4850747033  13.7843   4.0477330500   4.89746    6.4717430171
Lu3+    28.6883   1.8188467911   20.6962   0.4733703066  13.147    3.8228825317   5.46849    5.7544822986
Hf4+    28.9761   1.7734945857   20.5667   0.4623756844  12.9796   3.6731439014   5.47766    5.3264279275
Ta5+    29.2654   1.7290274163   20.4249   0.4513115162  13.0028   3.5494753686   5.30693    5.0032267175
W6+     29.5587   1.6866005230   20.2876   0.4406799978  13.185    3.4477358787   4.96868    4.7475031241
Tm      32.094    2.2905229903   17.6754   0.7204295838  12.1702   6.5196468018   7.06038    0.1980459477
Yb      32.8914   2.2536193197   17.6497   0.7132878542  12.2894   6.4105894223   7.16946    0.1974199149
Lu      33.6152   2.2673217257   17.8014   0.7330119065  11.8485   6.7512638694   7.73484    0.2071436497
Hf      33.968    2.2408947450   17.802    0.7395318448  12.1298   6.8462263128   8.10027    0.2119066156
Os4+    31.6881   1.6312934632   20.4915   0.4252542844  15.8251   3.6958658491   4.99533    6.0525037058
Ta      34.1232   2.1982630334   17.6996   0.7419930391  12.7428   6.7888672864   8.43442    0.2158220786
Ir4+    31.6469   1.5931120421   20.066    0.4151926381  15.8809   3.6605008020   5.40624    5.9592705148
W       34.2161   2.1452697373   17.5794   0.7379359034  13.5605   6.6405331756   8.64392    0.2169200211
Ir3+    31.8819   1.6024072659   20.1809   0.4182881549  16.3002   3.7668822370   5.637      6.4426049953
Pt4+    32.0106   1.5556647732   19.9159   0.4052845681  16.3157   3.6342148813   5.75778    5.8670526890
Re      34.2589   2.0939380048   17.4324   0.7349574450  14.4183   6.4841735907   8.89032    0.2187514322
Os      34.2237   2.0432373656   17.2829   0.7327062665  15.3436   6.3046528049   9.14989    0.2206733938
Pt2+    32.4023   1.5746238997   20.1889   0.4127620009  17.2552   3.8377150618   6.15361    6.8533546967
Au3+    32.5076   1.5253585550   19.8501   0.3979453592  17.3194   3.6949097828   6.32283    6.1668966613
Ir      34.1562   1.9934668512   17.1124   0.7303166726  16.3141   6.1200248738   9.41731    0.2225144631
Pt      34.5671   1.8635742818   18.4554   5.6737180923  16.5036   0.6613794180   8.4739     0.2032600140
Au1+    32.8384   1.5499080228   20.2712   0.4096105437  18.4931   3.9176290373   6.3973     7.3592106434
Hg2+    32.9115   1.4969753929   19.8335   0.3923588740  18.5893   3.7544430617   6.66564    6.5161814259
Tl3+    33.0252   1.4488156822   19.4257   0.3760291487  18.793    3.6214567496   6.75602    5.9253081251
Pb4+    33.1717   1.4031904625   19.1253   3.5067667897  19.0099   0.3594340534   6.69311    5.4743867903
Bi5+    33.3414   1.3606674195   19.6334   3.4099137345  18.6044   0.3431135333   6.4208     5.1320319669
Au      34.5351   1.8142973595   19.5358   5.5064505023  16.255    0.6546336204   8.67402    0.2044030371
Hg1+    32.9756   1.5199447374   20.317    0.4058382507  19.3242   3.8746870324   6.38314    7.5906593647
Hg      33.6427   1.8535873016   19.4229   5.5541917108  16.5843   0.7290589939   10.3501    0.2289995708
Tl1+    33.0243   1.4889890577   20.3476   0.4018837390  19.7994   3.7933175923   6.82871    7.6401437121
Pb2+    33.0447   1.4395619094   20.0315   3.6329204073  19.9286   0.3859523542   6.99513    6.9385388677
Bi3+    33.087    1.3939707597   20.2655   3.4916828093  19.5343   0.3707856584   7.11323    6.3980298487
Tl      32.2552   1.2728385607   23.2346   3.2726395721  16.148    0.3048494036   9.36212    7.8145846421
Pb      32.9405   1.2649505230   23.8601   3.3243160125  16.2681   0.3022749620   8.9313     8.2833621687
Bi      33.2449   1.2466304650   24.3414   3.2985080739  16.2903   0.2985336779   9.12337    8.5330936840
Po      33.3038   1.2230472639   24.6162   3.2216407361  16.2643   0.2943169833   9.81568    8.5098339556
At      33.2448   1.1978972674   24.7603   3.1242909535  16.224    0.2899710172   10.7708    8.3365408537
Rn      33.1344   1.1726160619   24.8316   3.0216349311  16.1781   0.2855290545   11.8558    8.1012639204
Ra2+    31.6983   1.2870671227   21.6476   3.0555877916  20.9055   0.3879699784   11.7486    7.0516234850
Ac3+    31.7311   1.2334897174   21.7385   2.8922892965  20.0646   0.3647676139   12.4658    6.5093821618
Th4+    31.8383   1.1834739544   21.85     2.7499868601  19.2077   0.3405573869   13.104     6.0721975809
U6+     32.1456   1.0949779198   22.0743   2.5131598545  17.5759   0.2919235964   14.2041    5.3969121116
Fr      33.9985   1.1719418743   25.1573   3.0814961252  16.4513   0.2845905187   11.3929    8.3538146733
Np6+    31.4107   1.1027764807   21.9148   2.5093617170  18.8774   0.3250203361   14.7971    5.2905675091
Ra      35.1941   1.1828843872   25.6411   3.2306779979  16.8319   0.2853047481   10.3329    9.1684454404
U4+     30.566    1.1926253109   21.7239   2.7285340030  21.4703   0.3855625905   14.2397    5.8400763595
Pu6+    30.5642   1.1135835252   21.7952   2.5109999044  20.3235   0.3552364625   15.3172    5.1894964266
Ac      35.5821   1.1758180009   25.8502   3.2390751463  17.0244   0.2844361566   10.5433    9.4820121536
U3+     29.6728   1.2571719522   23.7623   0.4286650023  21.5917   2.8679304950   13.9732    6.1641224600
Np4+    29.7303   1.2045756230   22.8988   0.4089025368  21.7062   2.7304799290   14.6647    5.7342807955
Th      35.6157   1.1561711639   25.9834   3.1694098193  17.0226   0.2805031933   11.3783    9.3692834909
Np3+    28.8717   1.2704582554   25.1618   0.4472613338  21.6423   2.8715985441   14.3242    6.0508000787
Pu4+    28.8307   1.2187347730   24.3969   0.4301022605  21.7516   2.7356254582   15.0209    5.6329980772
Pa      36.0353   1.1458104784   26.5718   3.2016944864  17.152    0.2783724570   11.241     8.9829723959
Pu3+    28.0513   1.2841007359   26.5515   0.4634271869  21.7841   2.8756906885   14.6131    5.9428805549
U       36.2288   1.1306263269   27.1243   3.1890218373  17.2152   0.2757025556   11.4317    8.7786833964
Np      36.4616   1.1198205192   27.744    3.1929989912  17.3616   0.2740882170   11.4327    8.6564370422
Pu      36.5416   1.1041063554   28.5317   3.1778957452  17.4465   0.2717656633   11.4801    8.1900143900
Am      36.6794   1.0923758217   29.3105   3.1732274011  17.5877   0.2702114217   11.4223    8.0971634263
Cm      36.8848   1.0844914891   30.1462   3.1822457039  17.784    0.2693727624   11.1849    8.3810451468
Bk      36.9741   1.0728435290   31.0701   3.1746314076  17.9299   0.2679542325   11.0259    8.3286397894
Cf      37.0312   1.0608700389   32.0388   3.1623874588  18.0699   0.2665258327   10.8601    8.2801784204
