H            0.5210726136     6.2153269733     0.2371329782     3.6025288585     0.2134781191     9.8563296985     0.0281996514     1.6957198687 
He           0.9853488107     3.8999626888     0.5248720990     2.1983044867     0.4060545272     6.4758332977     0.0831494692     1.0471118984 
H-           0.7920915838    11.5669672167     0.6732237321     5.8625523112     0.3815160879    23.1837491268     0.1513726790     2.6953282264 
Li+          0.8470998313     2.9038285685     0.7753743289     1.7572794554     0.2069744220     0.8898907318     0.1706358515     4.5057588972 
Be2+         0.9207528286     2.0366093604     0.7569941283     1.1977328649     0.1875918626     3.1780431667     0.1347208287     0.5540563017 
Li           1.0488411299    15.3061314266     0.9408615835     1.8142067623     0.8113770267     3.1672305620     0.1928839016     0.8501020366 
Be           1.4104274032     8.9857884122     1.3600562012     1.7942405347     0.7362898317    13.5584448963     0.4929420087     0.8328267119 
B            2.0119005355     6.7498544017     1.3556426837     1.3968891483     1.1481612788    10.8844822409     0.4825629323     0.6454681613 
C            2.5984665401     5.3719852346     1.5641378814     9.0724493916     1.3263387381     1.1583374458     0.5078259601     0.5439567828 
C_val        2.5793070479     5.7078157198     1.5970791398     0.9043323741     1.3913306827     9.6350789300     0.4302416085     2.2720871417 
N            3.1913484156     4.4483660236     1.9722658114     7.6804067332     1.3043371854     0.9923835967     0.5277240307     0.4710038156 
O            3.8098987318     3.8073353533     2.3471595984     6.7081136779     1.2792466849     0.8767904913     0.5581108509     0.4181649226 
F            4.4272980338     3.3297506020     2.7160293640     5.9704097589     1.2239129364     0.8019705892     0.6258720633     0.3852450082 
O1-          3.4515984775     5.9470800942     2.8237498646     3.5117330464     1.7830000210     0.7239992289     0.9388833164    11.0061336545 
Ne           5.9991058868     3.2345668700     2.0152062207     6.0355795251     1.0453950192     0.8723900506     0.9388885808     0.4003939603 
F1-          3.7818214319     5.3196399016     3.4548665220     3.1166857912     1.7999279194     0.6539269842     0.9611183715     9.7204585897 
Na1+         4.3493669004     3.3552010539     2.7491795387     2.1844696037     1.7260018926     0.5078277187     1.1750462222     5.1923578277 
Mg2+         4.2892694845     2.9359715996     2.9011013078     1.9654099689     1.7212483283     0.4648539806     1.0882981627     4.3731129205 
Al3+         4.0954115883     1.9370170947     3.4776254307     2.8406544800     1.8201638872     0.4707278687     0.6067291718     4.0045802483 
Si4+         5.1178129952     1.8635969238     2.8213391941     2.7994223798     1.9183261991     0.4728963018     0.1425376214     4.0595628105 
Na           4.7628302026     3.7994984488     3.4667313832     2.1657394151     1.6119181885     0.4597478076     1.1483341685    15.7657570044 
Mg           4.6635218427     3.2358498149     3.4975810920     1.9303592124     2.2201445893    12.4504598655     1.6030572167     0.4185917223 
Al           4.5910959273     1.8621671331     3.5852615481     3.0684116196     3.1714792230    11.1668311739     1.6230993673     0.3892538391 
Si           6.3545033101     1.8435226223     4.0632120062     9.9558460105     1.8850793099     3.4662380264     1.6671087436     0.3672275077 
Si_val       6.9784313857     2.1697235293     2.8117978926     8.4656818751     2.5009437478     0.6523208552     1.7068894353    13.1575107275 
P            7.3162838593     1.7795827939     3.4604299436     9.8111115752     2.4799182307     5.9689925471     1.7334989776     0.3533926972 
S            7.3250743667     1.6253475123     4.1686070004     6.1166036995     2.7740898597     9.4847860611     1.7276205310     0.3308533359 
Cl           7.2916680243     1.4869849217     5.5882248627     5.8224223265     2.4080537266     9.0444729314     1.7095288771     0.3097383055 
Ar           7.2516781350     1.3653272152     6.8534476621     5.4576606214     2.2108500386     8.5995358477     1.6828921454     0.2900418865 
Cl1-         7.1295918707     1.5379675129     6.5603857173     6.2631234872     2.3065216848    11.0427130828     1.9982637544     0.4049377465 
K1+          7.7276811281     4.9860015379     7.4299689859     1.2423497275     1.4273224065     7.6730032761     1.4160711091     0.0000335573 
Ca2+         8.4360973344     4.5661150849     7.3859150230     1.1491117534     1.3766392265     0.0000335573     0.8028483354     7.2184834335 
Sc3+         8.5205600022     4.1023123183     7.5685370134     1.0207530121     0.9843199095     0.0000328355     0.9272831516     6.1091659271 
Ti4+         8.7775480214     3.7579114941     7.7071278764     0.9260722841     0.8021035446     5.5409054179     0.7135831843     0.0000328339 
V3+          8.9698629025     3.4638966112     7.8986114954     0.8411652654     0.7328711414     5.0540761221     0.3989720561     0.0000328334 
K            8.6623314114     5.2049345807     7.2597007188     1.2706703036     1.6779517495     0.2748309373     1.3832683779    17.9091300270 
Ti3+         9.0462900434     3.8316409029     7.6305208572     0.9464949063     1.4739044966     5.9071250666     0.8490582419     0.0000748794 
Ca           8.6939201757     4.6081792087     7.1723892166     1.1703185189     2.4895169686    15.4211762762     1.6295957578     0.2557380782 
Ti2+         9.5270516809     3.9445022970     7.0360362758     0.9971714281     1.8915770225     6.7551695218     1.5428227632     0.3675845787 
V3+          9.6242403077     3.6014184361     7.6604231303     0.8867234289     1.9498371810     5.6628508674     0.7644497358     0.0007081579 
Sc           9.4093442010     4.3383292695     7.1657527080     1.1004629215     2.7741514692    13.9540673385     1.6286736937     0.2436310780 
V2+         10.2236760489     3.7279227203     7.3454442239     0.9432935046     2.1722781587     6.5155240815     1.2561551777     0.0001162383 
Cr3+         8.1836024063     0.7702510004     8.1359015179     3.7112249955     3.1608909335     2.8633135119     1.5189852485     5.8255821165 
Mn4+         8.7423148422     3.0405838060     8.1722894775     0.7330001623     3.4177809056     4.0645137482     0.6674085151     5.5006109357 
Ti          10.2105313675     4.1047322235     7.1548762275     1.0400631949     2.9693570775    12.9156796368     1.6361486166     0.2337295670 
Cr2+         8.2217334189     0.7746406460     7.0307627961     3.1495445167     5.5328534893     4.3699264038     1.2138863148     7.0771495703 
Mn3+         8.7729014881     3.0552329129     8.1905445106     0.7361614711     4.3045236676     4.2823296664     0.7317982487     6.2735767190 
V           11.0490140870     3.8937519825     7.1412064848     0.9866623667     3.1275523211    12.0870182765     1.6468990717     0.2250075318 
Mn2+        11.4823409801     3.3195041136     6.9656664017     0.8584259372     2.9918623117     5.8800253279     1.5554770430     0.2588795577 
Fe3+        11.6102432941     3.0738252337     7.3454700587     0.7841236925     2.9947096915     5.0681135566     1.0477053049     0.0000930720 
Cr          12.2251379474     3.7746782312     7.1583071995     0.9456551924     2.8841519068    10.5859051543     1.6797260891     0.2196185394 
Fe2+        12.1681580493     3.1909965634     6.7050353380     0.6248085464     3.1452315064     5.7042275497     1.9768962746     1.1968651046 
Co3+         9.9383394032     2.7677712656     8.1258058291     0.6715315711     5.0824317506     3.9906906597     0.8533275586     5.9459385816 
Mn          12.7655215835     3.5266653279     7.1100920799     0.8972509756     3.3976067120    10.7816828823     1.6795453516     0.2111606569 
Co2+        12.0888092210     3.1975709858     7.8499236793     0.6461422109     2.8534906725     5.6990817307     2.2043443181     1.9907419935 
Ni3+        10.3225287201     2.6320923465     8.0889335658     0.6428235495     5.5968406441     3.8128318144     0.9915564258     5.7146947172 
Fe          13.6272229974     3.3661364022     7.0948585865     0.8597348863     3.5243411994    10.2415699287     1.7006602813     0.2056569251 
Ni2+        12.9557097508     3.5104637991     7.4808570995     1.5313850514     4.5834555669     0.0000330097     0.9852917019     7.2232088950 
Co          14.4839238427     3.2188022220     7.0784791017     0.8268122284     3.6496824575     9.7517441546     1.7293493792     0.2015396325 
Cu2+        11.3682518803     2.5500512010     8.0993056343     0.6211311232     6.2928003032     3.9002530966     1.2393269486     6.2484433263 
Ni          15.3371163609     3.0840825520     7.0631702435     0.7976895630     3.7708795387     9.3122141647     1.7645636033     0.1984558772 
Cu1+        13.1593667750     3.4834682504     8.2069707781     1.6009493148     4.8434509528     0.0000176303     1.7928071330     7.2434408675 
Zn2+        13.0375716562     3.3789030898     8.9584460759     1.6360974343     5.0185677765     0.0000175613     0.9902916087     6.8599169679 
Ga3+        12.2301958404     2.3252969952     8.0267557032     0.5740207489     6.6457654996     3.4875214999     1.0971765910     5.3228650455 
Ge4+        12.4846424200     2.2132185953     7.9628734801     0.5502462670     6.6383569666     3.2502615838     0.9141265598     4.7985423570 
Cu          16.3311586833     2.9781602836     7.0490901214     0.7731053689     3.7264345941     8.0105661422     1.8099129933     0.1966149929 
Zn          17.0132577928     2.8458066142     7.0178439679     0.7519932383     4.0134756690     8.5373989359     1.8796506314     0.1974845931 
Ga          17.5163152541     2.7131096277     6.9678897603     0.7329743167     4.4658115167     9.0335154369     1.9620782295     0.1993485360 
Ge          17.7607171011     2.5608700709     6.8792667439     0.7066253504     5.2783354202     8.8341137942     1.9974170085     0.1971395557 
As          17.8768496774     2.4062678076     6.7755618737     0.6752341493     6.2851663424     8.3503819257     1.9867815631     0.1913086424 
Se          17.9432403968     2.2644104134     7.3466446398     7.8408792305     6.6791121673     0.6441910799     1.9597526665     0.1843453815 
Br          17.9852009721     2.1348146156     8.4400993871     7.3611155374     6.5939190658     0.6132423263     1.9117448082     0.1757535193 
Kr          18.0120943022     2.0170207402     9.5500901619     6.9266009920     6.5283409239     0.5827846955     1.8410289368     0.1653296614 
Br1-        15.1063597845     1.5477217563     8.3595967914     3.2116971812     7.7062164659     8.7292065738     4.7625485394     0.0003726664 
Rb1+        17.7571815115     1.5456648733     7.7915792565     6.6874537178     5.4980499871     3.4571584565     4.9440286832     0.0000793811 
Sr2+        18.6771188413     1.5289526442     6.8860061175     6.1758723478     5.3946591447     3.8492245510     5.0401348453     0.0003605708 
Y3+         17.6512451160     1.6605594772     9.3159008165     4.7764542162     7.4892112736     0.4074014090     1.5438121832     6.8504496041 
Zr4+        17.7155261330     1.5798644006    10.1237606310     4.5378799020     7.2971532539     0.3821339694     0.8640339469     6.6862019158 
Nb5+        17.7969543541     1.5031981513    10.6772339189     4.2946415159     7.0670768476     0.3537817033     0.4593359832     6.6667861953 
Mo6+        17.9010144357     1.4308243653    11.0284470899     4.0597590224     6.8045443918     0.3221759456     0.2668127706     6.6483727663 
Rb          18.2650917195     1.7799713967     9.9761764056     5.6912950133     7.0536886826     0.3904260569     1.6747716580    17.2282986175 
Mo5+        17.9712482085     1.4330400574    11.3055439828     4.1748177920     6.8209167992     0.3236713961     0.9029518067     6.5292711527 
Sr          18.0969634960     1.6877223945    10.1291200054     5.1635466397     6.9661597128     0.3761500962     2.7846509406    15.9040816912 
Nb3+        17.9152216557     1.5110237531    10.9936828065     4.5102733903     7.1347641882     0.3596549337     1.9553266783     7.5144369980 
Y           18.1404124552     1.6167144318    10.5480241840     4.9477477789     6.9159942574     0.3646058223     3.3669455243    14.2453690356 
Mo3+        18.0655887690     1.4403645263    11.7089051304     4.3674574428     6.8953238180     0.3305814812     2.3290582362     7.2784618081 
Zr          18.2050190653     1.5510298086    11.1577146967     4.8006444316     6.8694491933     0.3534113961     3.7347530274    13.1386079544 
Ru4+        18.4688223019     1.3008122415    13.0608433690     4.0213886218     6.1666413914     0.2399170019     2.3037029577     6.3757677097 
Nb          18.3308613466     1.4936143860    12.1847424052     4.7894538679     6.8429297183     0.3445112339     3.6019313440    11.7652241890 
Ru3+        18.4869644257     1.3053250808    13.2982073075     4.0972668808     6.2311332646     0.2481185758     2.9824560399     6.7756427740 
Rh4+        18.7736850830     1.2360407064    13.8837468689     3.8989201220     5.7159500264     0.1672752361     2.6265354709     6.1636075482 
Mo          18.3466947537     1.4321829251    13.0539534589     4.6492367233     6.7804381203     0.3330331735     3.7775025509    11.1156342004 
Rh3+        18.7797432316     1.2404692710    14.1488162355     3.9677274239     5.7882142331     0.1804258770     3.2818265537     6.5345401485 
Pd4+        19.0782161907     1.1763413302    14.7727042723     3.7869677492     5.2713805931     0.0001474128     2.8775991275     5.9802757369 
Tc          18.3160137358     1.3764062706    13.7207121005     4.4513226493     6.7230008718     0.3237972677     4.2005195548    11.2771437777 
Ru          18.3676719070     1.3264597967    15.0216906710     4.4126505213     6.6794788199     0.3147824218     3.8878144926    10.2534709828 
Pd2+        19.0363707043     1.1873590072    15.3728758591     3.9123503188     5.4783160434     0.1154372689     4.1078778902     6.7975762893 
Rh          18.3588316749     1.2785302414    16.0740086750     4.2982052794     6.6399014950     0.3064521349     3.8832379765     9.9239394995 
Ag2+        19.1766164313     1.1372926991    16.3341927363     3.8017782754     5.2207162991     0.0000525098     4.2643092231     6.5851446777 
Pd          18.2816665955     1.2286163351    16.5437050570     4.1310672133     6.5699591375     0.2974226918     4.5871782440     8.1591133273 
Ag1+        19.0846893774     1.1474807747    16.8314866152     3.8746036883     5.4325023168     0.1135780344     4.6406757111     7.2359919004 
Cd2+        19.1587648067     1.0949065888    17.3191547351     3.6984361274     5.1330860307     0.0001034958     4.3849957974     6.3941066184 
In3+        19.0985987938     1.0512950812    18.0138664286     3.5534160875     5.0111754817     0.0000952363     3.8756722759     5.8513703636 
Sn4+        19.3739014979     3.4578547448    19.1278287260     1.0048658685     4.8011607050     0.0000914365     2.6993137160     5.4969854045 
Sb5+        19.6241526214     3.2924292959    19.0103472537     0.9688887288     4.7198199682     0.0000914363     2.6469201674     5.1856532779 
Ag          18.3061864456     1.1903059940    18.2423821993     4.0719336636     6.5748338665     0.2907526755     3.8320854116     9.3822583809 
Cd          18.9697964611     3.9154673669    18.2362649242     1.1506366097     6.5563413356     0.2839295850     4.1957058745     9.7824666345 
Sn2+        19.4929863817     3.4662703019    19.1428579793     1.0115818404     4.8786183500     0.0001561542     4.4739479101     7.4822288218 
Sb3+        19.3218218263     3.2709751421    18.9937501985     0.9737536736     4.8893009621     6.6447267264     4.7866844720     0.0001485555 
In          19.6344511240     3.7691128783    18.1563005003     1.1147729754     6.5633262592     0.2784100893     4.5906118164    10.3281940911 
Sn          19.9435303577     3.5918850904    18.0359032556     1.0765000243     6.5248151714     0.2711684196     5.4433714583    10.1212211976 
Sb          20.0962377383     3.4149475277    17.8833593606     1.0400578018     6.4967501707     0.2647182062     6.4770995257     9.6666569578 
Te          20.1789247074     3.2518111699    17.7325701388     1.0065947152     7.5760743989     9.1777830041     6.4682749689     0.2584745376 
I           20.1911390064     3.0924905115    17.5696387103     0.9720971751     8.7598920076     8.6678017257     6.4370958387     0.2524369094 
Xe          20.1806616877     2.9475900990    17.4147054107     0.9402781681     9.9611560539     8.2141364570     6.4016009545     0.2464021010 
I1-         19.5070029989     0.6617597066    17.5537623687     3.3419952656     8.9951266731     9.5853971868     7.8674119732     1.7893695427 
Cs1+        20.2515181237     2.7375918879    11.9000969936     0.5047567628    11.1429333321     0.9674435525    10.6778069756     7.3032094746 
Ba2+        19.7582204900     2.6223558051    17.1193279944     0.5793719362    11.0611699278     6.6676039847     6.0384063695     1.1418119010 
La3+        20.3045988211     2.4509075831    19.0110121993     0.7329048707    11.6244165806     6.1243073555     3.0433742801     0.0071662047 
Ce4+        20.3205777699     2.3289501381    19.3582506270     0.6837248408    12.0439560332     5.6976385373     2.2659570855     0.0020120165 
Cs          20.7383339526     2.9196344781    17.5476966816     0.9239908875     9.9096192491     8.2831018316     6.4710991675     0.2432977568 
Ce3+        21.0715092592     0.6183469061    20.7404624978     2.2954484300     9.2827597899     5.2616840842     3.9038735128     7.0686401178 
Pr4+        20.9955193225     0.6026622168    20.9587199538     2.2276004923    11.9261959353     5.2964152217     1.1194641846     7.5177275884 
Ba          21.5842853532     2.9651999180    17.8849255715     0.9207809890     9.4559077003     8.8809505875     6.6505466240     0.2432192847 
Pr3+        21.3473661169     2.2567263170    21.0785464412     0.6052061738    10.5097704056     5.2265452403     3.0632692588     7.1997890041 
La          21.8657468993     2.8967459139    17.9179359967     0.9016307051    10.1336953169     8.8595730204     6.6876192531     0.2396624529 
Nd3+        21.9353022723     2.2164087049    21.0689598942     0.5922113732    10.8190332416     5.0938315633     3.1758929809     7.0674673619 
Ce          22.6248855939     2.8400038888    17.9176364558     0.8815288759    10.3626448792     8.6075309842     6.6881611899     0.2352122160 
Pm3+        22.5306537732     2.1763626730    21.0516582902     0.5795649104    11.1338904006     4.9615464927     3.2830709006     6.9486270686 
Pr          23.7258169338     2.7797718620    17.8329774531     0.8591339653    10.3249735261     8.1056948794     6.6567249511     0.2299010669 
Sm3+        23.1405283917     2.1369475268    21.0270397846     0.5672823536    11.3181900215     4.8255840157     3.5132927822     6.7988174557 
Nd          24.5227963618     2.7230819926    17.8243589871     0.8404424376    10.5331763267     7.8962460129     6.6493857374     0.2253782021 
Eu3+        23.7467347892     2.0976900977    20.9953859275     0.5553030421    11.5077968051     4.6906904106     3.7491046318     6.6561878592 
Pm          25.3360506533     2.6682136973    17.8095854263     0.8230757650    10.7229428698     7.7041063043     6.6514654772     0.2209730138 
Eu2+        24.0742953523     2.1179921034    21.0726574496     0.5574160658    11.7984687401     4.7716091596     4.0514574054     7.2463868812 
Gd3+        24.3712193763     2.0597733043    20.9607122291     0.5437218637    11.8289427490     4.5763529650     3.8373625173     6.5659609061 
Sm          26.1589331783     2.6154370101    17.7856803209     0.8071149335    10.8964818645     7.5267898202     6.6697202787     0.2171387278 
Tb3+        25.0168340210     2.0225556285    20.9183613210     0.5324382984    12.4488494334     4.4908859427     3.6118681543     6.5821875011 
Eu          26.9580229518     2.5640480962    17.7645734051     0.7921835825    11.0884013856     7.3579528353     6.6919244146     0.2134056951 
Dy3+        25.5975763055     1.9853659093    20.8793553914     0.5215541301    12.1977708895     4.3331878385     4.3231586574     6.3075689499 
Gd          27.6317872894     2.5331130077    17.8460516855     0.7848794903    11.2494862428     7.5227784828     6.8089445774     0.2120033870 
Ho3+        26.2006998333     1.9495383376    20.8380251024     0.5110499428    12.2140763479     4.2050248535     4.7453115368     6.1450823749 
Tb          28.6005541583     2.4615336206    17.6696268903     0.7624428187    11.4768973765     7.0358843194     6.7372909536     0.2060366976 
Er3+        26.8264440558     1.9154722042    20.8011920662     0.5010647332    12.4575374830     4.1047739765     4.9131587088     6.0429512859 
Dy          29.4236591001     2.4143344595    17.6525663534     0.7488947017    11.6504933087     6.8917535061     6.7498508072     0.2022763866 
Tm3+        27.4432460812     1.8821161239    20.7633257047     0.4914273639    12.6402473426     4.0019435955     5.1512320273     5.9342462022 
Ho          30.1554065688     2.4047120977    17.7756519675     0.7525441386    11.5560880978     7.1386942296     7.0266954995     0.2055276410 
Yb3+        28.0768933236     1.8504092052    20.7314333140     0.4822875119    12.9445514117     3.9170774513     5.2450358266     5.8527648518 
Er          31.0396673033     2.3300343958    17.5791109080     0.7288956896    11.9403640722     6.6368466175     6.9047529414     0.1989395508 
Yb2+        28.4755866393     1.8681985768    20.8388218532     0.4850747033    13.7832933641     4.0477330500     4.8970884550     6.4717430171 
Lu3+        28.6873210032     1.8188467911    20.6954395028     0.4733703066    13.1465518678     3.8228825317     5.4682976887     5.7544822986 
Hf4+        28.9755702542     1.7734945857    20.5662987006     0.4623756844    12.9793246310     3.6731439014     5.4775591824     5.3264279275 
Ta5+        29.2650849569     1.7290274163    20.4246709123     0.4513115162    13.0026328533     3.5494753686     5.3068710836     5.0032267175 
W6+         29.5585136771     1.6866005230    20.2874597071     0.4406799978    13.1848864246     3.4477358787     4.9686386549     4.7475031241 
Tm          31.8420744970     2.2905229903    17.5365952560     0.7204295838    12.0746715466     6.5196468018     7.0049477628     0.1980459477 
Yb          32.6345668737     2.2536193197    17.5118633727     0.7132878542    12.1934451571     6.4105894223     7.1134729269     0.1974199149 
Lu          33.3742545664     2.2673217257    17.6738343015     0.7330119065    11.7635980718     6.7512638694     7.6793961478     0.2071436497 
Hf          33.7493248874     2.2408947450    17.6873603471     0.7395318448    12.0516594324     6.8462263128     8.0481183307     0.2119066156 
Os4+        31.2523547107     1.6312934632    20.2097034598     0.4252542844    15.6075168726     3.6958658491     4.9266417044     6.0525037058 
Ta          33.9213969723     2.1982630334    17.5949947463     0.7419930391    12.6674367072     6.7888672864     8.3845560991     0.2158220786 
Ir4+        31.6452605385     1.5931120421    20.0650069419     0.4151926381    15.8800728590     3.6605008020     5.4059717482     5.9592705148 
W           34.0250497182     2.1452697373    17.4812818143     0.7379359034    13.4847929176     6.6405331756     8.5956518859     0.2169200211 
Ir3+        31.8793142653     1.6024072659    20.1792110928     0.4182881549    16.2988342899     3.7668822370     5.6365360072     6.4426049953 
Pt4+        32.0090808942     1.5556647732    19.9149419101     0.4052845681    16.3148748518     3.6342148813     5.7574982294     5.8670526890 
Re          34.0764520857     2.0939380048    17.3395730647     0.7349574450    14.3415458115     6.4841735907     8.8429657023     0.2187514322 
Os          34.0469755869     2.0432373656    17.1936458251     0.7327062665    15.2643445972     6.3046528049     9.1026487323     0.2206733938 
Pt2+        32.3981056594     1.5746238997    20.1863503612     0.4127620009    17.2529959603     3.8377150618     6.1528268130     6.8533546967 
Au3+        32.5052158423     1.5253585550    19.8486287405     0.3979453592    17.3181371169     3.6949097828     6.3223628770     6.1668966613 
Ir          33.9857020842     1.9934668512    17.0269229437     0.7303166726    16.2326429022     6.1200248738     9.3702922978     0.2225144631 
Pt          34.4103125161     1.8635742818    18.3717542466     5.6737180923    16.4287461736     0.6613794180     8.4354715150     0.2032600140 
Au1+        32.8315321066     1.5499080228    20.2669844383     0.4096105437    18.4893010193     3.9176290373     6.3959746621     7.3592106434 
Hg2+        32.9078227804     1.4969753929    19.8312571457     0.3923588740    18.5872363034     3.7544430617     6.6648906048     6.5161814259 
Tl3+        33.0241453031     1.4488156822    19.4250961353     0.3760291487    18.7924265426     3.6214567496     6.7558015385     5.9253081251 
Pb4+        33.1704046283     1.4031904625    19.1246125328     3.5067667897    19.0091801280     0.3594340534     6.6928590442     5.4743867903 
Bi5+        33.3406311522     1.3606674195    19.6330138620     3.4099137345    18.6039972698     0.3431135333     6.4206644145     5.1320319669 
Au          34.3826753987     1.8142973595    19.4495892095     5.5064505023    16.1832440643     0.6546336204     8.6357231329     0.2044030371 
Hg1+        32.9671331637     1.5199447374    20.3118422064     0.4058382507    19.3192914007     3.8746870324     6.3815068227     7.5906593647 
Hg          33.4649065286     1.8535873016    19.3202257213     5.5541917108    16.4966440620     0.7290589939    10.2953653684     0.2289995708 
Tl1+        33.0153239182     1.4889890577    20.3421055149     0.4018837390    19.7940389174     3.7933175923     6.8268587327     7.6401437121 
Pb2+        33.0390218935     1.4395619094    20.0280762577     3.6329204073    19.9251560059     0.3859523542     6.9939253639     6.9385388677 
Bi3+        33.0829708693     1.3939707597    20.2630662934     3.4916828093    19.5318839224     0.3707856584     7.1123627917     6.3980298487 
Tl          32.1955295730     1.2728385607    23.1916146369     3.2726395721    16.1181580103     0.3048494036     9.3447903697     7.8145846421 
Pb          32.8896123164     1.2649505230    23.8232702536     3.3243160125    16.2429845273     0.3022749620     8.9175075301     8.2833621687 
Bi          33.1992461903     1.2466304650    24.3080540125     3.2985080739    16.2679852667     0.2985336779     9.1108587485     8.5330936840 
Po          33.2621559028     1.2230472639    24.5854702691     3.2216407361    16.2439437467     0.2943169833     9.8034106743     8.5098339556 
At          33.2071667692     1.1978972674    24.7323234127     3.1242909535    16.2056691219     0.2899710172    10.7586433317     8.3365408537 
Rn          33.1003180449     1.1726160619    24.8060753242     3.0216349311    16.1614188533     0.2855290545    11.8436302370     8.1012639204 
Ra2+        31.6884275719     1.2870671227    21.6408464741     3.0555877916    20.8989150620     0.3879699784    11.7449005558     7.0516234850 
Ac3+        31.7238426504     1.2334897174    21.7334980894     2.8922892965    20.0600630038     0.3647676139    12.4629943205     6.5093821618 
Th4+        31.8328799821     1.1834739544    21.8463039416     2.7499868601    19.2044200323     0.3405573869    13.1017265831     6.0721975809 
U6+         32.1424101758     1.0949779198    22.0721266149     2.5131598545    17.5741771738     0.2919235964    14.2026479902     5.3969121116 
Fr          33.8677881219     1.1719418743    25.0605608574     3.0814961252    16.3880775460     0.2845905187    11.3490720371     8.3538146733 
Np6+        31.4073421081     1.1027764807    21.9123967906     2.5093617170    18.8753184384     0.3250203361    14.7955430476     5.2905675091 
Ra          35.0401513256     1.1828843872    25.5289640565     3.2306779979    16.7583114398     0.2853047481    10.2877150197     9.1684454404 
U4+         30.5601589874     1.1926253109    21.7197770992     2.7285340030    21.4662078055     0.3855625905    14.2369543099     5.8400763595 
Pu6+        30.5606822272     1.1135835252    21.7927038485     2.5109999044    20.3211873601     0.3552364625    15.3154069007     5.1894964266 
Ac          35.4482259224     1.1758180009    25.7529907140     3.2390751463    16.9603725916     0.2844361566    10.5036409919     9.4820121536 
U3+         29.6643495414     1.2571719522    23.7555432497     0.4286650023    21.5855457358     2.8679304950    13.9692703133     6.1641224600 
Np4+        29.7244230903     1.2045756230    22.8942743109     0.4089025368    21.7018561558     2.7304799290    14.6618215545     5.7342807955 
Th          35.4965130788     1.1561711639    25.8964355051     3.1694098193    16.9655831205     0.2805031933    11.3402446077     9.3692834909 
Np3+        28.8636560286     1.2704582554    25.1547510082     0.4472613338    21.6362173852     2.8715985441    14.3201591368     6.0508000787 
Pu4+        28.8250067941     1.2187347730    24.3920867948     0.4301022605    21.7473388265     2.7356254582    15.0179225491     5.6329980772 
Pa          35.9026376464     1.1458104784    26.4739313892     3.2016944864    17.0888028462     0.2783724570    11.1995894941     8.9829723959 
Pu3+        28.0436709251     1.2841007359    26.5443369706     0.4634271869    21.7782590559     2.8756906885    14.6091259220     5.9428805549 
U           36.0973809538     1.1306263269    27.0259531083     3.1890218373    17.1527535023     0.2757025556    11.3901925046     8.7786833964 
Np          36.3315427814     1.1198205192    27.6450458899     3.1929989912    17.2996863647     0.2740882170    11.3918857764     8.6564370422 
Pu          36.3990267646     1.1041063554    28.4203830325     3.1778957452    17.3784420581     0.2717656633    11.4353254154     8.1900143900 
Am          36.5398229247     1.0923758217    29.1989237277     3.1732274011    17.5207999221     0.2702114217    11.3788583712     8.0971634263 
Cm          36.7624186636     1.0844914891    30.0461717163     3.1822457039    17.7250218052     0.2693727624    11.1477721129     8.3810451468 
Bk          36.8550548922     1.0728435290    30.9700543701     3.1746314076    17.8721154799     0.2679542325    10.9904031185     8.3286397894 
Cf          36.9151087200     1.0608700389    31.9383395000     3.1623874588    18.0133065087     0.2665258327    10.8261001524     8.2801784204 
